     0     0
   399     0
     0   299
   399   299
   399   149
     0   149
   134   106
   303    44
   142    61
   268   299
    86   242
   234    98
   291   152
   196   169
   290   185
   204   200
   258   224
   208     0
   262   167
   237   172
   304   119
   171   146
   141   299
   239   299
   325   141
   144   167
   312   272
   349   145
   337   108
   316    90
   314    66
   316    40
   275    43
   295    30
   168    62
   149    45
   129    60
   135    83
   281    50
   164    68
   329    99
   350   169
   322   250
   345   215
   345   120
   281   138
   294   171
   194   187
    16   208
    53   191
    89   159
   125   118
   227    78
   239   119
   245    50
   189    55
   218    51
   251   193
   273   194
   228   203
   258   150
   232   152
   246   152
   253   163
   241   164
   250   176
   265   156
     0   217
   230   163
   275   103
   193   115
   262   108
   210   117
   267   103
   273   112
   200   113
   199   125
   280   104
   261   116
   213   124
   189   119
   314   299
    34   198
   108   138
    71   180
   285    35
   161    54
   318    51
   129    72
   295    61
   152    76
   307    79
   308    30
   268    52
   274    63
   135    46
   175    70
   167    83
   143    92