     0     0
   399     0
     0   299
   399   299
   399   149
     0   149
   139   124
   312    54
   158    54
   234   299
    90   251
   234   124
   265   201
   201   201
   262   232
   205   231
   234   249
   232     0
   245   227
   223   228
   292   162
   176   174
   112   299
   197   299
   310   182
   154   191
   326   282
   342   191
   339   159
   324   130
   328    94
   328    45
   271    53
   297    31
   194    52
   170    30
   137    43
   137    91
   280    60
   186    64
   332   143
   339   204
   327   261
   332   228
   342   175
   263   185
   265   217
   197   215
    21   226
    64   215
   104   187
   130   138
   234    94
   235   156
   249    58
   217    58
   233    55
   234   243
   255   238
   218   240
   247   206
   221   205
   234   201
   238   219
   228   219
   234   229
   250   219
     0   234
   217   219
   271   139
   195   138
   258   142
   207   144
   265   137
   270   149
   203   138
   197   149
   279   141
   258   151
   210   151
   190   142
   313   299
    43   219
   114   159
    85   206
   283    41
   182    38
   331    70
   135    69
   301    83
   165    82
   316   115
   314    23
   261    62
   275    78
   152    22
   207    66
   186    87
   143   109